[gd_scene load_steps=5 format=3 uid="uid://bbxluh07ehhv8"]

[ext_resource type="PackedScene" uid="uid://i3khnjub7ekj" path="res://- Classic 64 Asset Pack 0.6/Vehicles/volvo.blend" id="1_i0g2e"]
[ext_resource type="Script" uid="uid://crafwdov3pl55" path="res://enterence.gd" id="2_gdscript"]
[ext_resource type="PackedScene" uid="uid://csp8hhyov86f1" path="res://road/scene.gltf" id="3_j7ogl"]

[sub_resource type="StandardMaterial3D" id="StandardMaterial3D_doq4a"]
albedo_color = Color(0, 0, 0, 1)

[node name="enterence" type="Node3D"]
script = ExtResource("2_gdscript")

[node name="volvo" parent="." instance=ExtResource("1_i0g2e")]
transform = Transform3D(1, 0, 0, 0, 1, 0, 0, 0, 1, -0.108391404, 0, 1.372569)

[node name="SpotLight3D" type="SpotLight3D" parent="volvo"]
transform = Transform3D(-0.99431384, 0, 0.10648969, 0, 1, 0, -0.10648969, 0, -0.99431384, -1.8919791, 0.75846934, 0.7529298)
light_energy = 22.0
light_specular = 10.0
shadow_enabled = true
spot_range = 65.0
spot_angle = 32.0

[node name="SpotLight3D3" type="SpotLight3D" parent="volvo"]
transform = Transform3D(-0.99431384, 0, 0.10648969, 0, 1, 0, -0.10648969, 0, -0.99431384, -2.4526548, 3.5561783, 7.3849993)
light_energy = 22.0
light_specular = 10.0
shadow_enabled = true
spot_range = 65.0
spot_angle = 32.0

[node name="SpotLight3D4" type="SpotLight3D" parent="volvo"]
transform = Transform3D(-0.99431384, 0, 0.10648969, 0, 1, 0, -0.10648969, 0, -0.99431384, 2.9353905, 3.559107, 7.3669825)
light_energy = 22.0
light_specular = 10.0
shadow_enabled = true
spot_range = 65.0
spot_angle = 32.0

[node name="SpotLight3D2" type="SpotLight3D" parent="volvo"]
transform = Transform3D(-0.99917823, 0, -0.040532902, 0, 1, 0, 0.040532902, 0, -0.99917823, 3.861826, 0.8472874, 2.294362)
light_energy = 22.0
light_specular = 10.0
shadow_enabled = true
spot_range = 65.0
spot_angle = 32.0

[node name="CSGBox3D" type="CSGBox3D" parent="."]
size = Vector3(100, 1, 100)
material = SubResource("StandardMaterial3D_doq4a")

[node name="CSGBox3D2" type="CSGBox3D" parent="CSGBox3D"]
transform = Transform3D(-4.371139e-08, 1, 0, -1, -4.371139e-08, 0, 0, 0, 1, 50.40262, 0, 0)
size = Vector3(100, 1, 100)
material = SubResource("StandardMaterial3D_doq4a")

[node name="CSGBox3D3" type="CSGBox3D" parent="CSGBox3D"]
transform = Transform3D(-4.371139e-08, 1, 0, -1, -4.371139e-08, 0, 0, 0, 1, -51.00679, 0, 0)
visible = false
size = Vector3(100, 1, 100)
material = SubResource("StandardMaterial3D_doq4a")

[node name="CSGBox3D4" type="CSGBox3D" parent="CSGBox3D"]
transform = Transform3D(-1, -8.742278e-08, 3.821371e-15, 0, -4.371139e-08, -1, 8.742278e-08, -1, 4.371139e-08, 1.9361115, 0, 49.725487)
visible = false
size = Vector3(110.15088, 1, 100)
material = SubResource("StandardMaterial3D_doq4a")

[node name="CSGBox3D5" type="CSGBox3D" parent="CSGBox3D"]
transform = Transform3D(-1, -8.742278e-08, 3.821371e-15, 0, -4.371139e-08, -1, 8.742278e-08, -1, 4.371139e-08, 1.9361115, 0, -53.095016)
size = Vector3(110.15088, 1, 100)
material = SubResource("StandardMaterial3D_doq4a")

[node name="CSGBox3D6" type="CSGBox3D" parent="CSGBox3D"]
transform = Transform3D(-1, 0, 8.742278e-08, 0, 1, 0, -8.742278e-08, 0, -1, 1.9361117, 48.941124, -2.3147583)
size = Vector3(110.15088, 1, 104.76123)
material = SubResource("StandardMaterial3D_doq4a")

[node name="Camera3D" type="Camera3D" parent="."]
transform = Transform3D(0.96196574, -5.3754023e-09, -0.2731702, 0.040122483, 0.98915476, 0.14129086, 0.27020758, -0.14687723, 0.95153296, -7.0746136, 6.688651, 16.835398)

[node name="OmniLight3D" type="OmniLight3D" parent="."]
transform = Transform3D(1, 0, 0, 0, 1, 0, 0, 0, 1, 0, 17.28641, 0)
light_energy = 16.0
light_indirect_energy = 15.351
light_specular = 2.809
omni_range = 78.317

[node name="road" parent="." instance=ExtResource("3_j7ogl")]
transform = Transform3D(5, 0, 0, 0, 4.9418206, -0.7605305, 0, 0.7605305, 4.9418206, -1.0904827, -8.5366125, 0.80719185)

[editable path="volvo"]
